error_1_kappa: 0.8953801533043299
error_2_kappa: 0.8680169879124469
error_3_kappa: 0.8991008991008991
error_4_kappa: 0.8851856711717623
general_kappa: 0.8869209278723595
