error_1_kappa: 0.8094089264173703
error_2_kappa: 0.8862436402035134
error_3_kappa: 0.7630789736754415
general_kappa: 0.8481958579460537
